304304333301
304231701
304220901
304237101
304482301
304304139101
304206801
304452001
304291999501
304451901
304304139501
30460222601
304189101
30460283601
30460295201
304304138701
304189401
3041868001
304304134101
304304137901
30460000001
304242001
304223901
30460298301
304322801
304213601
304304136701
304237301
304304140301
304304141501
304304600901
304304136301
304225201
304237701
304234701
30460000401
304304141901
304248301
304246401
304600323501
304240201
304286401
304328801
304820001
304304141101
304233501
304304137501
304304138301
30460399801
30460000701
30460001201